284 950
0 1
1 2
2 3
3 4
4 5
5 6
6 7
7 8
8 9
9 10
10 11
11 12
12 13
13 14
14 15
15 16
16 17
17 18
18 19
19 20
20 21
21 22
22 23
23 24
24 25
25 26
26 27
27 28
28 29
29 30
30 31
31 32
32 33
33 34
34 35
35 36
36 37
37 38
38 39
39 40
40 41
41 42
42 43
43 44
44 45
45 46
46 47
47 48
48 49
49 50
50 51
51 52
52 53
53 54
54 55
55 56
56 57
57 58
58 59
59 60
60 61
61 62
62 63
63 64
64 65
65 66
66 67
67 68
68 69
69 70
70 71
71 72
72 73
73 74
74 75
75 76
76 77
77 78
78 79
79 80
80 81
81 82
82 83
83 84
84 85
85 86
86 87
87 88
88 89
89 90
90 91
91 92
92 93
93 94
94 95
95 0
96 96
96 97
96 98
96 99
96 100
96 101
96 102
96 103
96 104
96 105
96 106
96 107
96 108
96 109
96 110
96 111
96 112
96 113
96 114
96 115
96 116
96 117
96 118
97 96
97 97
97 98
97 99
97 100
97 101
97 102
97 103
97 104
97 105
97 106
97 107
97 108
97 109
97 110
97 111
97 112
97 113
97 114
97 115
97 116
97 117
97 118
98 96
98 97
98 98
98 99
98 100
98 101
98 102
98 103
98 104
98 105
98 106
98 107
98 108
98 109
98 110
98 111
98 112
98 113
98 114
98 115
98 116
98 117
98 118
99 96
99 97
99 98
99 99
99 100
99 101
99 102
99 103
99 104
99 105
99 106
99 107
99 108
99 109
99 110
99 111
99 112
99 113
99 114
99 115
99 116
99 117
99 118
100 96
100 97
100 98
100 99
100 100
100 101
100 102
100 103
100 104
100 105
100 106
100 107
100 108
100 109
100 110
100 111
100 112
100 113
100 114
100 115
100 116
100 117
100 118
101 96
101 97
101 98
101 99
101 100
101 101
101 102
101 103
101 104
101 105
101 106
101 107
101 108
101 109
101 110
101 111
101 112
101 113
101 114
101 115
101 116
101 117
101 118
102 96
102 97
102 98
102 99
102 100
102 101
102 102
102 103
102 104
102 105
102 106
102 107
102 108
102 109
102 110
102 111
102 112
102 113
102 114
102 115
102 116
102 117
102 118
103 96
103 97
103 98
103 99
103 100
103 101
103 102
103 103
103 104
103 105
103 106
103 107
103 108
103 109
103 110
103 111
103 112
103 113
103 114
103 115
103 116
103 117
103 118
104 96
104 97
104 98
104 99
104 100
104 101
104 102
104 103
104 104
104 105
104 106
104 107
104 108
104 109
104 110
104 111
104 112
104 113
104 114
104 115
104 116
104 117
104 118
105 96
105 97
105 98
105 99
105 100
105 101
105 102
105 103
105 104
105 105
105 106
105 107
105 108
105 109
105 110
105 111
105 112
105 113
105 114
105 115
105 116
105 117
105 118
106 96
106 97
106 98
106 99
106 100
106 101
106 102
106 103
106 104
106 105
106 106
106 107
106 108
106 109
106 110
106 111
106 112
106 113
106 114
106 115
106 116
106 117
106 118
107 96
107 97
107 98
107 99
107 100
107 101
107 102
107 103
107 104
107 105
107 106
107 107
107 108
107 109
107 110
107 111
107 112
107 113
107 114
107 115
107 116
107 117
107 118
108 96
108 97
108 98
108 99
108 100
108 101
108 102
108 103
108 104
108 105
108 106
108 107
108 108
108 109
108 110
108 111
108 112
108 113
108 114
108 115
108 116
108 117
108 118
109 96
109 97
109 98
109 99
109 100
109 101
109 102
109 103
109 104
109 105
109 106
109 107
109 108
109 109
109 110
109 111
109 112
109 113
109 114
109 115
109 116
109 117
109 118
110 96
110 97
110 98
110 99
110 100
110 101
110 102
110 103
110 104
110 105
110 106
110 107
110 108
110 109
110 110
110 111
110 112
110 113
110 114
110 115
110 116
110 117
110 118
111 96
111 97
111 98
111 99
111 100
111 101
111 102
111 103
111 104
111 105
111 106
111 107
111 108
111 109
111 110
111 111
111 112
111 113
111 114
111 115
111 116
111 117
111 118
112 96
112 97
112 98
112 99
112 100
112 101
112 102
112 103
112 104
112 105
112 106
112 107
112 108
112 109
112 110
112 111
112 112
112 113
112 114
112 115
112 116
112 117
112 118
113 96
113 97
113 98
113 99
113 100
113 101
113 102
113 103
113 104
113 105
113 106
113 107
113 108
113 109
113 110
113 111
113 112
113 113
113 114
113 115
113 116
113 117
113 118
114 96
114 97
114 98
114 99
114 100
114 101
114 102
114 103
114 104
114 105
114 106
114 107
114 108
114 109
114 110
114 111
114 112
114 113
114 114
114 115
114 116
114 117
114 118
115 96
115 97
115 98
115 99
115 100
115 101
115 102
115 103
115 104
115 105
115 106
115 107
115 108
115 109
115 110
115 111
115 112
115 113
115 114
115 115
115 116
115 117
115 118
116 96
116 97
116 98
116 99
116 100
116 101
116 102
116 103
116 104
116 105
116 106
116 107
116 108
116 109
116 110
116 111
116 112
116 113
116 114
116 115
116 116
116 117
116 118
117 96
117 97
117 98
117 99
117 100
117 101
117 102
117 103
117 104
117 105
117 106
117 107
117 108
117 109
117 110
117 111
117 112
117 113
117 114
117 115
117 116
117 117
117 118
118 96
118 97
118 98
118 99
118 100
118 101
118 102
118 103
118 104
118 105
118 106
118 107
118 108
118 109
118 110
118 111
118 112
118 113
118 114
118 115
118 116
118 117
118 118
119 119
119 120
119 121
119 122
119 123
119 124
119 125
119 126
119 127
119 128
120 119
120 120
120 121
120 122
120 123
120 124
120 125
120 126
120 127
120 128
121 119
121 120
121 121
121 122
121 123
121 124
121 125
121 126
121 127
121 128
122 119
122 120
122 121
122 122
122 123
122 124
122 125
122 126
122 127
122 128
123 119
123 120
123 121
123 122
123 123
123 124
123 125
123 126
123 127
123 128
124 119
124 120
124 121
124 122
124 123
124 124
124 125
124 126
124 127
124 128
125 119
125 120
125 121
125 122
125 123
125 124
125 125
125 126
125 127
125 128
126 119
126 120
126 121
126 122
126 123
126 124
126 125
126 126
126 127
126 128
127 119
127 120
127 121
127 122
127 123
127 124
127 125
127 126
127 127
127 128
128 119
128 120
128 121
128 122
128 123
128 124
128 125
128 126
128 127
128 128
129 130
130 131
131 132
132 133
133 134
134 135
135 136
136 137
137 138
138 139
139 140
140 141
141 142
142 143
143 144
144 145
145 146
146 147
147 148
148 149
149 150
150 151
151 152
152 153
153 154
154 155
155 156
156 157
157 158
158 159
159 160
160 161
161 162
162 163
163 164
164 165
165 166
166 167
167 168
168 169
169 170
170 171
171 172
172 173
173 174
174 175
175 176
176 177
177 178
178 179
179 180
180 181
181 182
182 183
183 184
184 185
185 186
186 187
187 188
188 189
189 190
190 191
191 192
192 193
193 194
194 195
195 196
196 197
197 198
198 199
199 200
200 201
201 202
202 203
203 204
204 205
205 206
206 207
207 208
208 209
209 210
210 211
211 212
212 213
213 214
214 215
215 216
216 129
217 218
218 219
219 220
220 221
221 222
222 223
223 224
224 225
225 226
226 227
227 228
228 229
229 230
230 231
231 232
232 233
233 234
234 235
235 236
236 237
237 238
238 239
239 240
240 241
241 242
242 243
243 244
244 245
245 246
246 247
247 248
248 249
249 250
250 251
251 252
252 253
253 254
254 255
255 256
256 257
257 258
258 259
259 260
260 261
261 262
262 263
263 264
264 265
265 266
266 267
267 268
268 269
269 270
270 271
271 272
272 273
273 274
274 275
275 276
276 277
277 278
278 279
279 280
280 281
281 282
282 217
218 217
219 218
220 219
221 220
222 221
223 222
224 223
225 224
226 225
227 226
228 227
229 228
230 229
231 230
232 231
233 232
234 233
235 234
236 235
237 236
238 237
239 238
240 239
241 240
242 241
243 242
244 243
245 244
246 245
247 246
248 247
249 248
250 249
251 250
252 251
253 252
254 253
255 254
256 255
257 256
258 257
259 258
260 259
261 260
262 261
263 262
264 263
265 264
266 265
267 266
268 267
269 268
270 269
271 270
272 271
273 272
274 273
275 274
276 275
277 276
278 277
279 278
280 279
281 280
282 281
217 282
0 283
96 283
119 283
129 283
217 283
